[Variables]
ercf_calib_0 = 1.0
ercf_calib_1 = 0.999663996508
ercf_calib_10 = 1.0
ercf_calib_11 = 1.0
ercf_calib_2 = 1.000653762841
ercf_calib_3 = 0.999663996508
ercf_calib_4 = 1.003634856474
ercf_calib_5 = 1.000653762841
ercf_calib_6 = 1.000653762841
ercf_calib_7 = 0.999663996508
ercf_calib_8 = 1.000653762841
ercf_calib_9 = 1.0
ercf_calib_ref = 812.4
ercf_calib_version = 2

